213 121 21 95
212 119 21 96
211 118 21 96
208 117 21 95
208 115 21 96
207 114 21 96
207 113 21 96
208 112 21 96
209 111 21 96
208 109 22 100
211 107 21 98
214 107 22 100
217 107 22 100
219 109 21 96
218 109 21 96
217 110 20 94
216 110 20 94
216 109 21 96
213 107 22 100
212 105 22 102
214 104 21 98
214 103 22 100
214 102 22 100
215 102 22 100
216 101 22 100
219 103 21 96
219 103 21 96
217 101 22 100
218 101 21 96
219 100 21 96
218 98 20 94
219 98 20 94
221 99 20 93
222 98 21 96
222 97 22 100
222 97 22 100
223 98 21 96
222 98 20 94
223 98 20 94
223 97 20 94
223 99 20 93
222 101 20 94
222 102 21 98
224 106 21 96
223 108 22 100
223 109 21 98
222 109 21 98
222 112 20 94
221 114 20 91
219 114 20 91
215 114 20 91
212 113 20 93
207 111 20 91
203 109 20 93
200 107 19 89
200 105 20 93
199 103 21 96
198 103 21 96
198 104 21 98
199 106 21 96
200 107 21 96
202 110 20 93
203 112 20 93
204 113 20 93
206 112 20 93
203 110 21 96
201 111 20 93
203 111 20 93
205 110 20 93
208 108 20 94
214 109 20 93
220 106 20 94
223 104 20 91
224 102 20 93
220 101 20 94
215 100 20 93
209 100 20 91
203 104 19 87
198 101 20 91
198 97 20 93
196 91 21 96
196 83 20 94
198 77 21 96
201 74 20 93
202 73 20 93
203 69 21 96
204 67 21 98
206 66 22 102
205 67 23 104
205 74 22 100
204 80 22 102
204 86 22 102
205 91 22 100
205 92 22 102
205 97 22 100
207 101 21 98
209 104 21 98
209 111 20 94
208 118 20 91
207 122 20 91
207 126 19 87
205 127 20 91
205 128 20 93
205 129 20 91
206 129 20 91
205 129 20 91
204 129 20 91
204 127 20 94
206 125 21 96
205 123 20 94
206 122 20 93
206 120 19 89
207 117 20 93
207 114 21 96
207 114 20 93
208 113 20 93
208 113 20 93
208 113 20 93
208 114 20 91
211 117 19 87
210 119 18 84
211 121 17 81
212 124 17 77
212 123 17 81
214 124 17 79
216 123 17 81
216 122 18 84
217 122 18 84
220 122 19 86
221 122 19 89
222 122 20 91
224 123 20 91
225 125 20 91
227 126 19 89
226 126 20 91
228 127 19 89
229 127 19 89
229 126 20 91
232 125 20 93
233 122 21 96
233 120 21 98
233 119 21 98
235 119 21 96
234 118 20 94
235 119 20 93
235 118 20 93
234 118 20 93
233 117 20 93
234 117 19 89
234 117 19 87
233 115 18 84
233 113 19 86
234 113 19 87
235 112 19 87
234 110 19 89
235 111 19 86
235 111 19 87
235 110 19 87
234 110 19 86
235 110 19 87
234 107 20 91
236 106 20 93
237 105 20 93
238 104 20 93
238 104 20 93
237 104 20 91
239 106 19 87
239 106 19 86
238 107 18 84
237 108 18 82
237 109 17 81
236 110 17 79
233 108 18 82
231 106 19 86
229 106 19 87
227 103 20 91
227 104 19 87
225 104 19 86
223 104 19 86
222 103 19 89
222 104 19 86
221 104 19 86
220 104 19 87
219 103 19 87
219 102 19 89
219 102 19 89
220 103 19 87
220 103 19 87
219 104 19 87
218 105 18 84
219 106 19 87
218 108 18 84
218 109 19 86
217 110 18 84
217 110 18 84
218 109 19 86
217 109 18 82
218 107 18 84
219 107 19 86
219 106 19 87
218 107 18 84
217 108 18 82
216 108 19 86
214 110 18 82
212 111 19 86
211 111 19 86
210 111 19 86
210 111 19 87
210 110 19 87
209 110 19 86
209 113 18 82
209 115 18 84
210 118 19 86
209 122 18 84
209 127 18 82
209 131 18 82
209 134 18 84
209 136 19 87
209 136 19 86
209 137 18 84
209 137 18 84
209 138 18 82
210 138 18 82
210 138 18 82
210 138 19 86
210 138 19 86
210 138 19 86
210 138 19 86
210 138 19 86
209 138 19 86
208 138 19 86
206 137 19 89
206 137 19 87
204 136 19 87
202 135 19 87
200 135 19 86
198 136 18 84
196 137 18 82
196 138 17 81
196 139 17 81
195 138 18 82
197 138 17 81
198 140 17 77
199 138 17 81
200 137 18 82
204 137 18 82
207 135 19 86
209 136 18 84
211 137 18 82
213 136 18 84
215 135 19 86
215 135 19 86
216 134 19 87
216 132 18 84
217 131 17 81
217 129 17 81
218 126 17 81
219 125 17 79
219 124 17 77
218 123 17 79
216 122 17 81
215 122 17 81
215 122 17 81
214 123 17 81
212 123 17 81
211 123 17 81
211 126 17 77
210 125 17 79
209 124 17 81
209 124 17 81
209 125 17 79
208 124 17 81
206 123 18 82
206 124 17 81
204 124 17 81
201 124 17 81
198 124 17 81
197 124 17 79
194 122 18 82
192 120 19 86
190 119 18 82
190 117 19 86
188 117 19 87
186 115 19 87
184 113 18 84
182 111 19 86
182 109 19 86
181 108 19 87
179 107 19 87
176 106 19 86
173 105 19 86
172 104 18 82
175 103 17 79
175 99 17 79
175 98 16 76
174 96 17 79
173 96 17 79
172 95 17 79
170 96 17 77
168 94 17 79
166 94 17 79
162 91 18 82
160 91 18 82
160 89 19 86
159 88 18 82
160 90 17 79
159 89 17 79
157 90 17 77
156 92 16 74
154 93 17 77
153 94 17 79
150 94 17 81
149 97 17 79
148 97 17 79
147 95 17 79
147 94 17 81
147 94 17 79
147 93 17 79
146 93 17 79
145 93 17 79
144 93 17 79
142 92 17 81
141 92 17 81
140 92 17 81
139 92 17 81
138 91 18 82
138 90 18 84
138 90 18 84
138 90 18 84
139 90 18 84
139 91 18 84
140 93 19 87
140 96 18 84
141 99 18 84
142 104 18 82
143 106 18 84
145 108 19 87
148 108 19 86
153 108 19 87
164 105 19 86
171 104 19 89
171 102 20 91
171 102 20 91
172 104 19 87
172 104 19 87
169 103 19 89
165 103 20 93
161 103 20 91
157 103 20 91
154 103 20 91
151 101 20 94
150 99 21 98
149 100 21 96
148 99 21 96
147 99 21 96
146 99 21 96
146 100 20 94
145 101 20 94
145 101 20 94
144 101 20 94
142 102 20 93
141 99 21 96
141 94 21 98
143 91 20 94
143 90 21 96
143 90 21 96
145 88 22 100
153 89 21 98
157 91 22 100
159 93 22 100
161 98 21 98
163 103 20 94
163 105 21 98
163 108 21 98
164 111 21 98
163 113 22 100
163 114 22 102
165 116 21 98
164 116 22 102
162 116 23 104
161 119 22 102
160 121 21 98
157 122 22 100
155 123 21 98
154 123 21 96
154 120 20 94
155 115 20 94
155 109 21 96
155 102 22 100
156 97 22 102
158 93 22 100
162 90 21 96
165 87 20 94
170 85 21 96
170 83 21 98
171 85 20 94
171 86 20 94
171 86 21 98
170 88 22 100
167 91 22 100
164 96 21 98
161 100 21 96
157 105 20 93
152 109 20 91
148 114 20 93
145 118 20 93
141 119 20 94
140 121 20 91
140 121 20 94
140 121 20 94
143 120 20 94
146 117 21 96
148 114 21 98
149 113 21 96
149 111 21 96
151 109 20 94
154 107 20 91
156 103 20 94
157 104 20 91
158 101 20 94
159 99 20 91
159 96 20 94
160 92 21 98
161 91 21 96
162 90 21 96
161 89 20 94
160 91 20 91
159 90 20 91
157 91 20 93
156 91 20 93
155 93 19 89
153 94 19 86
150 94 19 87
147 91 20 91
147 92 19 87
143 89 20 91
142 88 20 91
142 89 19 87
142 87 20 91
142 84 20 94
143 81 20 94
144 78 20 94
145 77 20 94
146 77 20 93
147 75 20 94
149 76 20 93
150 74 20 94
152 74 20 93
155 75 20 91
161 75 20 91
163 78 20 91
163 85 20 91
164 89 20 91
165 93 20 91
165 98 20 91
166 102 19 87
166 101 19 89
165 101 20 91
166 102 19 89
166 104 19 86
166 104 19 86
166 106 18 82
165 107 19 86
162 109 19 89
161 113 19 86
159 115 18 84
158 117 19 86
156 118 18 84
155 119 18 84
155 120 19 87
153 120 19 89
153 121 19 87
153 120 19 87
154 120 19 86
155 119 19 86
155 120 19 86
155 120 19 86
156 120 19 86
155 121 19 86
154 121 18 82
155 118 19 86
154 115 18 84
154 114 19 86
154 113 18 82
155 108 19 86
154 107 18 82
154 105 19 86
156 103 18 84
159 101 18 82
162 98 18 82
164 96 19 86
164 95 18 82
165 92 19 86
165 91 19 87
166 91 19 87
166 90 19 87
166 89 19 87
165 89 19 86
166 89 19 87
167 89 19 87
167 89 19 86
167 89 19 86
168 89 19 86
168 89 19 86
169 88 19 86
169 87 19 87
169 86 18 84
169 85 19 86
167 85 19 87
166 84 19 87
163 84 18 84
162 86 17 81
160 87 17 81
158 89 17 79
156 89 17 79
153 89 17 81
150 90 17 79
147 88 17 81
144 86 18 82
141 84 19 86
139 83 18 82
139 83 17 81
139 84 17 79
138 84 17 79
137 85 17 79
135 84 17 81
134 84 17 81
134 84 17 81
133 85 17 79
133 85 17 79
132 83 18 82
131 84 18 82
133 88 17 79
133 91 18 82
137 98 17 79
140 103 17 79
143 110 17 77
148 114 17 79
154 118 17 77
157 119 17 79
157 120 17 77
156 118 17 81
155 115 17 81
153 111 17 79
153 107 17 79
153 104 17 79
154 99 16 76
154 94 17 79
153 93 17 77
151 89 17 81
151 89 17 79
151 89 17 77
150 87 17 79
147 84 17 81
138 82 18 84
132 79 18 84
127 76 18 84
122 72 19 87
114 66 20 91
112 59 20 94
130 47 21 98
152 42 22 102
178 35 23 104
214 30 24 109
237 28 25 113
226 25 26 118
218 23 27 122
232 23 28 127
246 18 29 133
246 15 30 138
241 17 31 143
236 17 33 149
228 22 34 155
229 34 35 162
234 43 34 155
233 48 34 155
225 58 35 162
213 73 35 158
199 81 35 162
189 83 37 168
182 84 36 165
178 86 35 158
172 85 35 162
167 86 35 158
170 83 34 155
173 79 35 158
175 73 35 158
179 68 36 165
185 67 35 162
189 70 34 155
188 68 35 158
187 69 34 155
187 76 33 149
183 82 31 143
180 84 31 143
179 84 33 149
173 85 34 155
