213 121 21 95
211 119 20 94
209 118 20 93
207 117 20 93
207 117 20 91
206 115 20 92
207 114 20 91
208 113 19 90
209 112 19 88
210 112 19 89
213 109 20 92
214 109 21 95
217 109 20 94
218 108 21 95
217 110 20 94
216 110 20 91
216 110 19 90
215 110 19 89
214 108 20 91
213 107 20 92
213 106 20 93
214 104 21 96
215 102 21 97
216 101 21 99
217 102 21 97
218 102 21 96
218 102 21 96
218 102 20 94
217 102 20 91
218 101 20 90
219 100 19 90
220 98 20 91
220 98 20 93
221 98 21 95
222 98 21 96
222 98 21 95
222 99 20 93
222 99 20 92
222 99 20 91
222 99 20 91
223 100 19 89
223 103 20 91
221 104 20 94
222 106 21 98
222 108 22 99
222 109 21 98
222 110 21 98
222 111 21 95
221 112 20 94
219 113 20 93
215 113 20 92
211 113 20 91
207 111 20 92
203 109 20 92
200 106 20 93
198 104 20 93
196 103 21 95
195 102 21 97
195 104 22 100
196 104 22 100
199 105 21 99
201 107 21 97
202 110 21 98
204 110 21 98
204 109 22 100
201 108 22 101
199 106 22 102
200 106 22 103
203 106 22 103
206 104 22 103
213 104 22 102
221 103 22 101
222 102 21 99
221 99 22 100
218 98 22 102
213 97 22 101
207 97 22 100
203 97 22 101
197 95 22 103
194 92 23 105
192 86 23 107
193 80 23 105
195 73 22 103
198 70 22 102
199 69 22 102
199 67 22 103
201 66 22 103
203 66 23 105
203 66 23 108
203 71 23 106
202 79 23 106
202 85 23 105
202 88 23 108
203 90 24 109
204 93 24 109
206 98 24 109
207 102 23 108
207 107 23 107
207 113 23 105
205 117 23 105
204 119 22 103
205 121 22 103
204 123 23 104
205 124 23 104
205 124 23 105
204 124 23 104
204 125 22 102
204 124 22 103
204 121 22 103
205 120 22 101
205 118 22 101
205 116 22 102
205 113 22 102
206 111 22 102
206 112 21 96
208 111 21 96
209 110 21 96
210 110 20 94
211 111 20 93
213 113 20 91
212 115 19 89
212 117 19 87
213 117 19 86
213 119 18 83
217 120 18 82
218 121 18 81
219 121 18 83
221 120 18 81
223 122 17 80
223 123 17 81
225 124 17 81
227 125 17 81
228 126 18 81
229 128 17 80
229 127 18 81
230 128 17 81
231 128 18 81
231 128 18 82
234 127 18 82
234 126 18 83
235 123 18 85
236 122 19 86
238 120 19 87
237 120 19 88
236 120 19 88
236 119 19 90
235 118 19 89
235 118 19 89
234 116 20 90
234 115 20 92
235 112 20 92
235 109 20 93
234 107 21 95
236 108 20 93
235 108 20 93
235 107 20 93
234 108 20 92
235 107 20 93
235 107 20 94
234 104 21 97
236 103 21 98
237 102 22 101
238 101 22 102
238 99 23 104
238 99 23 105
238 98 24 109
237 98 24 109
237 99 24 112
236 98 25 113
235 100 24 112
234 100 24 111
232 100 24 108
231 100 24 109
230 99 24 108
227 98 24 109
225 97 24 111
223 97 24 110
222 96 24 109
221 97 23 108
220 97 23 106
220 97 22 103
219 98 22 101
219 98 22 101
218 98 22 99
218 97 22 101
218 97 22 103
218 96 23 104
218 96 23 105
217 97 23 107
217 97 24 108
217 98 23 108
217 100 23 106
217 102 23 105
217 103 23 104
217 104 22 102
217 104 22 100
218 104 21 97
218 103 21 97
219 101 21 99
219 102 21 98
218 102 21 97
218 103 21 95
216 104 21 95
215 106 20 92
213 108 19 89
212 109 19 87
212 109 18 85
211 109 18 85
212 108 18 83
213 110 18 82
214 113 17 78
214 116 17 77
214 118 17 79
215 123 17 79
215 128 17 77
215 131 17 76
215 136 16 72
215 139 15 71
215 139 15 71
214 140 16 72
214 140 16 72
214 140 16 73
214 139 16 75
212 139 16 76
212 139 17 79
211 138 18 83
212 137 18 83
212 138 18 83
211 137 18 85
210 137 19 87
209 136 19 89
208 135 20 92
206 133 20 94
203 133 21 95
201 131 21 97
199 130 22 100
198 131 21 97
197 133 20 93
196 132 21 95
197 134 20 92
197 134 20 93
197 134 20 92
198 133 20 94
198 133 21 95
200 132 20 94
202 132 21 95
206 131 20 94
209 133 20 93
211 132 21 95
213 132 21 95
214 132 21 96
215 131 21 95
215 130 20 94
215 127 21 95
215 125 21 97
215 122 21 98
216 119 22 100
216 117 21 98
215 115 22 102
214 115 22 100
214 115 22 100
214 115 21 99
214 115 21 99
214 117 21 95
212 117 20 94
210 118 21 95
209 119 20 94
208 119 21 95
207 118 21 97
206 118 21 97
205 118 21 99
206 118 21 98
205 118 21 98
204 118 21 98
203 119 21 97
199 119 21 96
197 119 20 93
196 119 20 93
194 118 20 93
192 117 20 91
190 116 20 93
189 115 20 90
188 114 20 91
187 114 19 88
185 112 19 87
184 110 18 84
184 108 18 84
183 106 18 81
181 106 17 80
178 107 16 76
175 107 16 76
174 106 16 75
176 101 17 77
176 97 17 80
175 96 17 78
175 95 17 78
175 94 17 77
174 94 17 77
172 94 16 75
170 93 16 74
167 93 16 75
165 91 17 77
163 91 16 76
163 90 17 77
162 90 17 77
161 88 17 79
159 87 18 82
158 86 18 84
156 87 18 85
155 90 18 84
153 91 19 86
151 91 19 86
149 91 19 89
148 92 20 90
146 92 20 93
146 90 21 96
145 88 21 97
145 87 22 99
144 87 21 99
143 87 22 100
142 85 22 102
141 85 22 100
140 87 21 97
140 88 20 93
138 88 20 94
138 87 21 95
137 87 21 96
137 86 21 97
138 86 21 96
138 86 21 98
138 86 22 99
139 89 22 100
141 91 22 101
142 94 21 98
143 99 21 96
145 102 21 95
147 104 21 96
149 103 22 99
153 103 22 101
163 101 22 100
170 99 22 100
172 99 22 101
172 99 22 100
171 98 22 102
170 97 23 105
169 98 23 105
166 98 23 105
162 98 23 107
158 98 23 108
154 97 24 110
152 97 24 110
150 95 24 111
149 95 24 109
147 94 24 111
146 95 24 112
146 94 25 114
146 95 24 112
147 95 24 111
146 96 24 110
145 97 24 109
143 96 24 111
141 94 24 112
141 90 24 112
142 86 25 115
142 84 25 116
143 84 25 117
146 83 25 115
154 84 25 115
159 86 25 114
161 90 24 111
164 93 24 110
165 98 24 108
165 103 23 107
166 106 23 104
167 109 22 102
169 111 22 100
169 114 21 97
170 115 21 95
171 117 20 91
171 120 19 87
170 120 19 87
168 122 19 86
165 125 18 84
163 125 18 83
162 124 18 83
162 121 18 83
161 117 18 83
160 111 18 83
161 106 18 84
162 101 19 86
165 96 19 86
169 90 19 88
171 89 18 85
175 85 19 87
176 85 19 87
176 87 19 86
178 87 19 87
177 88 19 88
174 90 20 90
170 94 20 91
168 97 20 94
162 101 21 97
160 102 22 100
155 106 22 102
150 110 22 103
146 115 22 102
144 116 23 104
142 116 24 108
141 115 24 111
142 117 24 110
143 115 25 113
145 113 25 113
147 110 25 115
149 107 25 117
149 105 26 118
151 102 26 121
152 98 27 124
155 96 27 124
156 95 27 124
158 92 27 125
158 89 27 125
159 87 27 122
161 87 25 117
162 85 25 115
164 85 24 111
162 84 24 109
161 84 24 112
160 84 25 113
157 85 25 113
156 85 24 112
155 86 24 110
153 86 24 111
150 87 24 110
147 85 24 109
147 84 24 109
145 84 23 108
144 83 24 108
143 80 24 112
144 81 24 110
145 79 24 109
145 77 24 111
146 75 24 109
148 73 23 105
148 73 22 103
149 73 22 103
151 72 23 104
152 70 23 106
155 70 23 105
159 71 22 103
164 72 22 102
165 74 23 104
165 81 23 105
165 85 24 108
167 89 23 106
166 93 23 107
166 95 23 106
167 96 23 105
167 97 23 106
167 98 23 104
167 98 23 105
167 99 23 105
168 99 22 103
167 102 22 102
166 105 22 100
163 109 21 98
162 112 21 97
160 114 20 94
159 117 20 92
157 117 20 94
157 118 20 94
156 118 21 95
156 118 21 95
155 118 20 94
156 117 20 94
157 118 20 93
157 118 20 93
158 119 20 91
159 119 19 89
159 119 19 88
157 118 20 90
157 116 20 91
157 114 20 92
157 112 20 93
156 110 20 93
157 105 21 95
157 104 21 95
156 102 21 96
159 100 21 95
162 97 21 95
165 95 20 94
166 93 20 94
167 91 20 94
167 90 20 94
168 88 21 96
168 88 21 96
168 87 21 97
167 86 21 97
166 86 21 98
167 86 22 100
167 86 22 100
168 87 21 99
168 86 22 100
169 87 22 99
170 86 22 100
170 85 22 99
169 84 22 100
169 83 22 101
169 80 22 103
168 80 22 103
166 79 23 105
165 79 23 105
162 80 23 105
160 81 22 103
158 81 22 102
156 82 22 101
154 82 22 99
151 85 21 96
148 84 21 94
146 83 21 95
144 81 20 94
141 80 20 94
139 79 21 97
139 79 21 98
138 79 21 96
137 79 20 94
136 81 20 94
135 81 20 93
135 82 20 92
134 81 20 92
133 81 20 93
133 80 21 95
133 81 21 96
134 83 21 95
136 88 21 95
138 92 21 97
140 98 21 96
143 104 21 95
149 109 21 95
155 112 20 93
158 115 20 92
157 114 20 93
158 114 20 93
157 112 20 91
154 107 20 91
154 103 20 93
154 100 20 93
154 95 20 94
154 90 20 93
154 89 19 90
154 88 19 87
153 86 19 88
153 86 18 85
152 85 19 88
149 82 19 89
142 82 19 87
133 79 19 88
130 76 20 91
124 72 20 90
119 68 19 89
120 62 19 90
109 58 20 91
118 55 19 88
117 53 18 83
128 47 18 81
126 35 18 82
134 37 18 84
134 47 17 81
122 45 17 80
131 45 17 81
133 46 17 79
130 53 17 77
129 56 16 74
127 61 16 72
120 47 16 73
127 53 15 71
132 60 15 69
132 70 15 70
134 83 15 70
139 91 15 72
139 98 15 69
132 102 14 65
133 104 14 65
128 105 13 63
129 103 13 61
133 99 13 62
136 98 13 59
141 93 12 58
149 90 12 57
155 92 12 54
165 94 11 53
167 95 11 52
169 97 11 53
170 104 11 51
168 110 11 49
165 113 10 48
169 116 10 47
166 119 10 48
