212 120 21 95
212 120 21 95
212 116 21 95
208 116 21 95
208 112 21 95
208 112 21 95
208 112 21 95
208 112 21 95
208 108 21 95
208 108 21 95
208 108 21 95
212 108 21 95
216 108 21 95
216 108 21 95
216 108 21 95
216 108 21 95
216 108 21 95
216 108 21 95
212 108 21 95
212 104 21 95
212 104 21 95
212 104 21 95
212 104 21 95
216 100 21 95
216 100 21 95
216 100 21 95
216 104 21 95
216 100 21 95
216 100 21 95
216 100 21 95
216 96 21 95
216 96 21 95
216 96 21 95
220 96 21 95
220 96 21 95
220 96 21 95
220 96 21 95
220 96 21 95
220 96 21 95
220 96 21 95
220 96 21 95
220 100 21 95
220 104 21 95
220 104 21 95
224 108 21 95
224 108 21 95
220 108 21 95
220 112 21 95
220 112 21 95
216 112 21 95
216 112 21 95
212 112 21 95
208 108 21 95
204 108 21 95
200 104 21 95
196 104 21 95
196 100 21 95
196 100 21 95
196 104 21 95
196 108 21 95
200 108 21 95
200 108 21 95
200 112 21 95
204 112 21 95
204 112 21 95
204 112 21 95
200 108 21 95
200 108 21 95
204 108 21 95
204 108 21 95
212 108 21 95
220 104 21 95
224 100 21 95
224 100 21 95
220 100 21 95
216 96 21 95
212 96 21 95
204 100 21 95
200 96 21 95
196 96 21 95
196 88 21 95
196 84 21 95
196 76 21 95
200 72 21 95
200 72 21 95
200 68 21 95
204 68 21 95
204 68 21 95
204 72 21 95
204 76 21 95
204 84 21 95
204 88 21 95
204 92 21 95
204 96 21 95
204 100 21 95
208 100 21 95
208 104 21 95
208 108 21 95
208 116 21 95
208 120 21 95
204 120 21 95
204 124 21 95
204 128 21 95
204 128 21 95
204 128 21 95
204 128 21 95
204 128 21 95
204 128 21 95
204 124 21 95
204 124 21 95
204 120 21 95
204 120 21 95
204 116 21 95
204 116 21 95
204 112 21 95
204 112 21 95
208 112 21 95
208 112 21 95
208 112 21 95
208 116 21 95
208 116 21 95
208 116 21 95
208 116 21 95
208 120 21 95
212 120 21 95
212 120 21 95
212 120 21 95
216 120 21 95
216 120 21 95
220 120 21 95
220 124 21 95
224 124 21 95
224 124 21 95
224 124 21 95
224 128 21 95
224 128 21 95
224 128 21 95
228 128 21 95
228 128 21 95
232 124 21 95
232 124 21 95
232 124 21 95
232 120 21 95
232 120 21 95
232 120 21 95
232 120 21 95
232 116 21 95
232 116 21 95
232 116 21 95
232 116 21 95
232 112 21 95
232 112 21 95
232 112 21 95
232 108 21 95
232 108 21 95
232 108 21 95
232 108 21 95
232 108 21 95
232 108 21 95
232 108 21 95
232 108 21 95
232 108 21 95
236 104 21 95
236 104 21 95
236 104 21 95
236 104 21 95
236 104 21 95
236 104 21 95
236 104 21 95
236 104 21 95
236 104 21 95
232 104 21 95
232 104 21 95
228 104 21 95
228 104 21 95
224 104 21 95
224 104 21 95
220 104 21 95
220 104 21 95
220 104 21 95
220 100 21 95
220 100 21 95
216 100 21 95
216 100 21 95
216 100 21 95
216 100 21 95
216 100 21 95
216 100 21 95
216 100 21 95
216 100 21 95
216 104 21 95
216 104 21 95
216 104 21 95
216 108 21 95
216 104 21 95
216 104 21 95
216 104 21 95
216 104 21 95
216 104 21 95
216 104 21 95
216 104 21 95
216 104 21 95
216 104 21 95
212 104 21 95
212 104 21 95
212 104 21 95
208 108 21 95
208 108 21 95
208 108 21 95
208 108 21 95
208 108 21 95
208 112 21 95
208 116 21 95
208 120 21 95
208 124 21 95
208 128 21 95
208 128 21 95
208 132 21 95
208 132 21 95
208 132 21 95
208 132 21 95
208 132 21 95
208 136 21 95
208 136 21 95
208 136 21 95
208 136 21 95
208 136 21 95
208 136 21 95
208 136 21 95
208 136 21 95
208 136 21 95
204 136 21 95
204 136 21 95
204 132 21 95
200 132 21 95
200 132 21 95
196 132 21 95
196 132 21 95
196 132 21 95
196 132 21 95
196 132 21 95
196 132 21 95
196 132 21 95
196 132 21 95
200 132 21 95
200 132 21 95
204 132 21 95
208 132 21 95
208 132 21 95
212 132 21 95
212 132 21 95
212 132 21 95
212 132 21 95
212 128 21 95
212 128 21 95
212 124 21 95
212 124 21 95
212 120 21 95
212 120 21 95
212 120 21 95
212 120 21 95
212 120 21 95
212 120 21 95
212 120 21 95
212 116 21 95
208 116 21 95
208 120 21 95
208 120 21 95
208 120 21 95
204 120 21 95
204 120 21 95
204 120 21 95
204 120 21 95
204 120 21 95
200 120 21 95
200 120 21 95
196 120 21 95
192 120 21 95
192 120 21 95
192 116 21 95
188 116 21 95
188 116 21 95
188 112 21 95
184 112 21 95
184 108 21 95
180 108 21 95
180 104 21 95
180 104 21 95
180 104 21 95
176 104 21 95
172 100 21 95
172 100 21 95
172 96 21 95
172 92 21 95
172 92 21 95
172 92 21 95
172 88 21 95
168 88 21 95
168 88 21 95
164 88 21 95
164 88 21 95
160 88 21 95
160 88 21 95
160 84 21 95
160 84 21 95
156 84 21 95
156 84 21 95
156 84 21 95
156 84 21 95
152 84 21 95
152 88 21 95
148 88 21 95
148 88 21 95
144 92 21 95
144 88 21 95
144 88 21 95
144 88 21 95
144 88 21 95
144 88 21 95
144 88 21 95
140 88 21 95
140 88 21 95
140 88 21 95
140 88 21 95
136 88 21 95
136 88 21 95
136 88 21 95
136 88 21 95
136 88 21 95
136 88 21 95
136 88 21 95
140 88 21 95
140 92 21 95
140 96 21 95
140 100 21 95
144 104 21 95
144 104 21 95
148 104 21 95
152 104 21 95
160 104 21 95
168 100 21 95
172 100 21 95
172 100 21 95
172 100 21 95
172 100 21 95
168 100 21 95
168 100 21 95
164 100 21 95
160 100 21 95
156 104 21 95
152 104 21 95
152 100 21 95
148 100 21 95
148 100 21 95
148 100 21 95
148 100 21 95
148 100 21 95
148 100 21 95
148 100 21 95
148 100 21 95
144 100 21 95
144 96 21 95
144 96 21 95
144 92 21 95
144 88 21 95
144 88 21 95
148 88 21 95
152 92 21 95
156 92 21 95
160 96 21 95
164 100 21 95
164 104 21 95
164 108 21 95
164 112 21 95
164 112 21 95
164 116 21 95
164 116 21 95
164 116 21 95
164 120 21 95
164 120 21 95
164 120 21 95
164 120 21 95
160 124 21 95
156 124 21 95
156 120 21 95
156 120 21 95
156 116 21 95
156 108 21 95
156 104 21 95
156 100 21 95
160 96 21 95
164 92 21 95
164 88 21 95
168 84 21 95
172 84 21 95
172 84 21 95
172 88 21 95
172 88 21 95
172 88 21 95
168 92 21 95
164 100 21 95
160 100 21 95
156 104 21 95
152 108 21 95
148 112 21 95
144 116 21 95
144 120 21 95
140 120 21 95
140 120 21 95
140 120 21 95
144 120 21 95
144 116 21 95
148 116 21 95
148 116 21 95
148 112 21 95
152 108 21 95
156 108 21 95
156 104 21 95
156 104 21 95
160 100 21 95
160 100 21 95
160 96 21 95
160 96 21 95
160 92 21 95
160 92 21 95
160 92 21 95
160 92 21 95
160 88 21 95
160 92 21 95
156 92 21 95
156 92 21 95
152 92 21 95
152 92 21 95
148 92 21 95
148 88 21 95
144 88 21 95
144 88 21 95
144 88 21 95
144 88 21 95
144 84 21 95
144 84 21 95
144 80 21 95
144 76 21 95
148 76 21 95
148 76 21 95
148 76 21 95
148 76 21 95
152 76 21 95
156 76 21 95
160 76 21 95
164 80 21 95
164 84 21 95
164 88 21 95
164 92 21 95
164 96 21 95
164 100 21 95
164 100 21 95
164 100 21 95
164 100 21 95
164 100 21 95
164 104 21 95
164 104 21 95
164 104 21 95
164 108 21 95
160 112 21 95
160 112 21 95
156 116 21 95
156 116 21 95
156 116 21 95
152 120 21 95
152 120 21 95
152 120 21 95
152 120 21 95
152 120 21 95
152 120 21 95
152 120 21 95
152 120 21 95
152 120 21 95
152 120 21 95
152 120 21 95
152 116 21 95
152 112 21 95
152 112 21 95
152 112 21 95
152 108 21 95
152 104 21 95
152 104 21 95
156 100 21 95
156 100 21 95
160 96 21 95
164 96 21 95
164 92 21 95
164 92 21 95
164 88 21 95
164 88 21 95
164 88 21 95
164 88 21 95
164 88 21 95
164 88 21 95
164 88 21 95
164 88 21 95
164 88 21 95
164 88 21 95
168 88 21 95
168 88 21 95
168 88 21 95
168 84 21 95
168 84 21 95
164 84 21 95
164 84 21 95
164 84 21 95
160 84 21 95
160 84 21 95
156 84 21 95
156 84 21 95
152 84 21 95
148 84 21 95
144 84 21 95
144 84 21 95
140 84 21 95
140 80 21 95
136 80 21 95
136 80 21 95
136 80 21 95
136 80 21 95
132 80 21 95
132 80 21 95
132 80 21 95
132 80 21 95
132 80 21 95
132 80 21 95
132 80 21 95
132 84 21 95
132 88 21 95
136 92 21 95
136 100 21 95
140 104 21 95
144 108 21 95
152 112 21 95
156 116 21 95
156 116 21 95
156 116 21 95
156 112 21 95
152 108 21 95
152 104 21 95
152 100 21 95
152 96 21 95
152 92 21 95
152 88 21 95
152 88 21 95
148 84 21 95
148 84 21 95
148 84 21 95
144 80 21 95
140 80 21 95
132 76 21 95
128 76 21 95
124 72 21 95
120 68 21 95
116 64 21 95
112 92 21 95
112 92 21 95
112 104 21 95
112 88 21 95
112 72 21 95
108 72 21 95
108 72 21 95
108 84 21 95
108 56 21 95
108 80 21 95
108 68 21 95
108 68 21 95
108 72 21 95
108 52 21 95
112 56 21 95
112 64 21 95
112 76 21 95
112 88 21 95
112 100 21 95
112 104 21 95
108 108 21 95
108 108 21 95
108 108 21 95
108 104 21 95
108 104 21 95
108 100 21 95
108 96 21 95
112 92 21 95
108 96 21 95
112 100 21 95
112 100 21 95
112 104 21 95
112 112 21 95
112 116 21 95
112 116 21 95
112 120 21 95
112 124 21 95
