212 120 21 95
211 118 21 95
210 118 20 93
208 117 20 93
207 115 20 93
206 114 20 93
206 113 20 93
207 111 20 93
208 110 20 93
209 109 20 93
211 108 20 91
214 107 20 93
216 107 20 93
218 108 20 93
217 109 20 93
216 109 20 93
216 109 20 93
215 108 20 93
213 107 20 93
211 105 21 95
213 104 21 95
214 103 21 96
214 102 21 95
215 101 21 95
216 101 21 95
217 102 21 96
217 101 21 95
217 101 21 95
217 100 21 95
217 99 21 95
217 97 21 95
218 96 21 95
220 96 21 95
221 97 21 95
221 97 21 95
221 97 21 95
221 97 21 95
221 97 21 95
222 97 21 95
222 97 21 95
222 98 21 95
222 101 21 95
222 103 21 96
223 105 21 95
223 108 21 95
223 109 21 96
222 109 21 95
222 111 21 96
221 112 21 96
218 112 21 95
215 112 21 95
211 111 21 95
207 109 21 95
203 107 21 95
199 104 21 95
198 103 21 95
197 102 21 95
196 102 21 95
198 105 20 93
198 106 20 93
200 107 20 93
201 109 20 93
202 111 20 93
204 112 20 93
205 111 20 93
203 111 20 93
201 110 20 93
202 110 20 93
204 109 20 93
207 108 20 93
212 107 20 93
220 106 20 93
223 103 20 93
223 101 20 93
220 101 20 93
215 100 20 91
209 100 20 91
204 101 19 89
199 98 20 91
197 97 20 91
195 90 20 93
195 83 20 93
197 78 20 91
199 74 20 91
200 73 20 91
201 72 19 89
203 70 20 91
205 70 20 91
205 73 19 89
205 77 20 91
204 84 20 91
205 90 20 91
205 94 20 91
205 97 20 91
205 100 20 91
207 105 19 89
209 107 19 89
209 112 19 89
208 118 19 89
207 122 19 89
205 124 19 89
205 127 19 89
205 128 19 89
206 129 19 89
206 129 19 89
205 129 19 89
204 129 19 89
204 128 19 89
205 126 19 89
206 123 19 89
206 121 19 89
206 119 19 89
206 117 19 89
206 115 19 89
207 113 19 89
208 112 19 89
209 112 19 87
210 113 19 87
210 115 19 86
211 116 19 86
211 118 19 86
211 119 19 86
211 119 19 86
212 120 19 86
214 121 19 86
215 121 19 86
216 121 19 86
217 122 19 86
219 121 19 87
221 122 19 87
223 123 19 87
224 124 19 87
225 125 19 87
226 126 19 87
227 127 19 87
228 127 19 87
228 127 19 87
229 127 19 87
232 125 19 89
233 124 19 89
233 122 20 91
234 122 20 91
235 121 20 91
235 119 20 91
235 119 20 91
235 118 20 91
234 118 19 89
233 117 19 89
233 116 19 89
233 115 19 89
232 114 19 87
233 112 19 87
234 111 19 87
234 111 19 87
234 110 19 87
234 109 19 87
234 109 19 87
234 109 19 87
234 108 19 87
234 108 19 87
235 107 19 87
236 106 19 89
237 105 19 89
238 104 19 89
238 104 19 89
238 104 19 89
238 104 19 89
238 104 19 89
238 105 19 89
237 105 19 89
235 105 19 89
234 105 19 89
232 105 19 89
230 104 19 89
228 103 19 89
227 103 19 87
226 103 19 87
224 103 19 87
222 103 19 87
222 102 19 89
220 101 19 89
219 101 19 89
218 101 19 89
218 101 19 89
218 101 19 89
218 101 19 89
218 101 19 87
219 101 19 87
219 103 19 87
218 103 19 87
218 105 19 87
218 107 19 87
218 108 19 87
217 108 19 87
217 108 19 87
217 108 19 86
217 107 19 87
218 107 19 86
218 106 19 86
219 106 19 86
218 106 19 86
217 107 19 86
215 108 19 86
213 109 19 86
211 110 19 86
210 111 19 86
209 111 19 86
209 109 19 87
209 109 19 87
209 109 19 87
209 111 19 87
209 114 19 87
209 117 19 87
210 121 19 87
210 125 19 87
210 129 19 86
209 133 19 86
209 135 19 86
209 136 19 86
209 137 19 86
209 137 19 86
209 137 19 86
209 137 19 86
209 138 19 86
209 138 19 86
209 138 19 86
209 138 19 86
209 138 19 86
209 138 19 86
208 138 19 86
207 138 19 86
206 137 19 87
205 136 19 87
203 135 19 87
201 134 19 87
199 134 19 87
197 135 19 87
196 135 19 87
195 136 19 87
195 137 19 86
195 138 19 86
195 137 19 86
196 136 19 86
197 137 19 86
199 136 19 86
203 136 19 86
206 135 19 86
208 136 19 86
211 136 19 86
213 136 19 86
214 136 19 86
214 135 19 86
214 134 19 86
215 131 19 86
215 129 19 86
215 127 19 86
216 124 19 86
216 122 19 86
216 121 19 86
215 120 19 86
214 121 19 86
214 121 19 86
213 121 19 86
212 121 19 86
211 122 19 86
209 122 19 86
209 123 18 84
207 123 19 86
206 123 19 86
207 123 19 86
206 123 19 86
206 123 19 86
205 123 19 86
204 123 19 86
202 123 19 86
200 124 18 84
197 123 18 84
195 122 18 84
194 121 18 84
192 120 18 84
190 119 18 84
189 117 18 84
188 118 18 82
186 116 17 81
184 114 17 81
182 112 17 81
182 110 17 81
181 109 17 79
179 109 17 77
177 108 17 77
174 107 17 77
173 105 17 77
174 102 17 77
175 99 17 77
173 97 17 77
173 95 17 77
173 95 17 77
171 94 17 77
169 94 17 77
168 94 16 76
165 93 17 77
163 92 17 77
161 91 17 77
160 91 17 77
161 90 16 76
159 90 16 76
159 89 16 76
156 89 17 77
155 90 17 77
154 92 17 77
152 94 17 77
150 95 17 77
148 96 17 77
147 96 17 77
146 95 17 77
146 94 17 77
146 93 17 77
146 92 17 77
145 92 17 77
144 92 17 77
142 93 17 77
142 93 17 77
141 93 17 77
139 93 17 77
139 93 17 77
138 93 17 77
138 92 17 79
138 91 17 81
138 91 18 82
139 91 18 82
139 92 18 82
140 94 18 84
140 96 19 86
141 100 19 86
142 103 19 87
143 106 19 87
145 107 19 87
147 108 19 87
152 106 19 87
161 104 19 89
169 103 19 89
171 102 19 89
171 102 19 89
171 102 19 89
171 102 19 89
169 103 19 87
166 104 19 87
162 104 19 87
159 104 19 87
155 104 19 87
152 103 19 89
150 101 20 91
149 100 20 93
147 100 20 93
145 99 21 95
145 100 21 96
145 100 21 96
145 100 21 96
145 101 21 96
144 101 21 96
142 100 21 95
140 99 21 95
140 95 21 95
142 91 21 95
142 90 21 95
143 89 21 95
145 89 21 95
152 90 21 95
157 92 21 95
159 95 21 96
161 98 21 96
163 102 21 96
163 106 21 96
163 109 21 96
164 112 21 96
164 114 21 96
164 116 21 96
164 116 21 96
165 117 21 96
163 119 21 96
161 120 21 96
160 121 21 96
158 123 21 96
155 122 21 96
154 121 21 96
154 118 21 96
155 113 21 96
155 107 21 95
155 103 21 95
156 99 21 95
159 94 21 96
162 89 21 96
165 86 21 96
168 84 21 96
170 83 21 96
171 84 21 96
171 85 21 96
171 87 21 96
170 89 21 96
167 92 21 98
163 96 21 98
160 100 21 96
157 103 21 95
152 108 21 96
147 112 21 96
144 116 21 96
142 118 21 96
140 119 21 96
139 120 21 96
140 120 21 96
141 120 21 96
144 117 21 96
147 115 21 96
148 113 21 96
149 111 21 96
151 108 21 95
153 105 21 95
155 103 21 95
156 102 21 95
157 100 21 95
158 97 21 95
159 95 21 95
159 93 21 95
161 91 21 95
161 89 21 95
160 89 21 95
159 89 21 95
158 88 21 95
156 89 21 95
154 90 21 95
153 90 21 95
151 90 21 95
148 90 21 95
146 89 21 95
145 88 21 95
143 87 21 95
142 87 20 93
142 86 20 93
141 85 21 95
142 83 21 95
143 81 21 95
145 79 20 93
145 77 20 93
146 76 20 93
146 75 20 93
148 75 20 93
149 74 20 93
152 73 20 93
155 73 20 93
160 75 20 93
163 77 20 93
163 84 20 93
164 88 20 93
165 92 20 93
164 97 20 93
164 99 20 93
165 99 20 93
165 100 20 93
165 100 20 93
164 101 20 93
164 101 20 93
165 102 20 93
164 104 20 93
162 107 20 93
160 110 20 93
159 112 20 93
157 114 20 93
155 115 20 93
154 116 20 93
153 118 20 91
152 119 20 91
152 119 19 89
152 119 19 87
152 119 19 86
153 119 19 86
153 120 19 86
154 120 19 86
154 120 19 86
154 120 19 86
153 120 19 86
153 117 19 86
153 115 19 86
153 113 19 86
152 112 19 86
153 108 19 86
153 106 19 86
153 105 19 86
155 102 19 86
159 100 19 86
162 97 19 86
163 95 19 86
164 93 19 86
164 92 19 86
164 91 19 86
165 90 19 86
165 89 19 87
164 88 19 87
163 88 19 87
163 88 19 87
164 88 19 87
165 89 19 86
166 89 19 86
166 90 19 86
167 89 19 86
167 88 19 86
167 87 19 87
167 84 19 89
166 83 19 89
165 83 19 87
165 83 19 86
163 84 19 86
161 84 19 86
158 85 19 86
157 86 18 84
154 87 18 84
152 87 18 84
149 87 18 84
146 86 18 84
142 85 19 86
141 83 19 86
138 82 19 86
137 82 19 86
136 82 19 86
135 81 19 86
134 82 19 86
133 82 19 86
132 83 19 86
131 83 19 86
130 83 19 86
130 83 19 86
130 83 19 86
130 83 19 86
131 85 19 86
132 90 19 86
135 95 19 86
139 101 18 84
141 107 18 82
146 112 17 81
152 115 17 81
155 118 18 82
155 118 18 82
156 117 18 82
155 114 18 82
152 109 18 82
151 106 18 82
151 103 18 82
151 96 18 84
151 92 18 84
151 90 18 84
150 88 18 84
148 87 18 84
148 86 18 84
148 85 18 84
145 84 18 84
138 81 19 86
133 78 19 87
127 74 19 87
122 70 19 89
116 65 20 91
115 60 20 91
113 44 20 91
110 38 20 91
112 24 20 91
111 17 19 89
109 11 19 87
108 10 19 86
104 5 19 86
105 4 18 84
106 7 18 84
107 8 18 84
106 12 18 84
106 15 18 84
102 22 18 84
106 38 18 84
105 47 18 82
104 54 17 81
106 68 17 81
104 82 18 82
103 91 17 81
101 97 17 79
99 100 17 77
99 101 16 76
97 103 16 74
95 101 16 74
96 97 16 74
97 95 16 74
98 91 16 74
98 89 16 74
99 91 16 74
97 95 16 74
98 96 16 74
100 98 16 74
99 105 16 74
97 111 16 74
96 113 16 74
96 115 16 76
96 118 16 76
